1511464
0010073
3011311
0016016
0010090
4073815
3378296
3262042
3107623
3349423
4219416
2342030
3972956
6953386
1780174
0010029
0015039
3103809
5993008
0015019
1240299
4084645
0016056
3433846
0010088
8697774
1050975
1117299
0015044
0026009
4529116
1873761
0021003
3378296
1127915
0026014
3662296
0021036
3048588
0016004
2138826
0010084
0016026
0025014
2559559
4125514
2640795
0010107
3662296
8692452
4095748
0016058
0016035
5045355
6568351
6592761
0010093
0010094
3870624
0010092
2854839
0010005
0015045
0016049
1517240
0010105
0026002
0016047
1302449
3554582
7339173
2054310
0016057
0015055
0015031
0023041
3559087
0010052
4334113
3286474
0010075
2371032
4095229
1623716
1497055
2411995
0025000
0025013
0016050
0010095
4475709
0016002
9640133
0016002
2505328
0023033
1962503
3808273
1779922
0016015
1875084
0023027
0020015
6383713
0010093
1481430
0015036
1779922
2498847
2208591
0015062
3433846
4164316
8009688
2897046
3286474
0016078
3902469
0010060
0016013
3052540
1623716
7415617
0027004
9922944
2367157
4006710
0010126
2572285
0010105
0015033
0020022
3994098
8337695
0015056
6477085
0023006
0010066
5669389
2228148
2558999
0026022
8009688
2703336
3206978
2014113
0021033
0015045
4383707
2030383
0023016
0010028
9093997
2310449
3190461
2919220
9210521
0027020
1113498
3048401
1108916
0010061
0016079
3160561
0016060
9887336
1139030
3739175
1918630
0023035
3348989
0015011
4285031
0016045
2876903
8658218
0010108
0021018
1133221
0023040
7339173
2780647
1696588
0016088
2360428
1340333
0015053
2697768
0010080
0023031
0016030
0015008
1187766
0010090
0016049
0023004
0015042
2352986
2310449
9578663
3286474
0026052
2074737
0010026
3561920
0023010
3011311
3441455
2443191
0015056
1552181
2741068
0021035
1084884
0027040
0016033
4239636
2014113
0010106
0026054
0010038
2260910
0016031
1356553
3941358
0010013
0026042
3306863
0016082
0027028
0016008
3554582
0010084
2228148
0016041
4221029
0026009
4362730
0015032
1784368
1266183
8432725
1023964
1093743
4016887
6500128
1356553
8337695
1043241
0010078
2380967
3004580
0016086
2621228
2872641
0010003
0016016
3809753
3504058
1340333
0010070
0010030
5971050
0023038
0026057
4562206
2101067
0026016
0016050
5150328
2735617
0015005
3449233
1916266
0023020
1419103
0027000
0026030
2559559
1883688
0016007
3224401
0015040
6346605
1849382
2297413
2455205
1875711
0027025
2174595
2232413
1652369
3277313
5993008
2377207
4827048
1875711
3732101
2260910
2570769
7093319
4275075
1018959
0016072
3494778
0016035
0016032
0010039
3972956
4225073
0021032
3262042
0016011
0010076
8834383
2991307
2959809
0027008
0015013
2033178
0026030
0010012
2538839
4020830
0016014
0023025
1548937
2054438
0016017
1127915
4275075
4028266
0010129
2296326
0016079
2107404
1842819
0020010
0010021
4225073
0021024
0010024
8463326
0010006
0010015
4362730
3917422
2559537
0016067
3999344
0010099
4104523
1854959
3884955
3494778
0016025
0016072
2174595
9744150
1652369
0016048
1201251
3812101
3233028
0026009
3277313
1541812
1113498
0015053
2599965
1628610
6477085
0015012
0010032
0016012
0015041
2155356
3707771
0026016
1084283
5575344
7689953
0010117
0016028
0023018
3601861
1561488
0026004
2559537
3518345
0010113
1404738
6115230
0026001
0010073
7333005
2054998
0010048
1692275
0016018
2524687
0010127
6550938
2559537
1411495
3983607
0023006
3677724
2155356
4028266
4073815
0016055
0016083
0010120
0010049
0026053
4091983
0015026
9190596
0010099
4827048
2249443
0025009
3308331
2919220
4055710
0027026
3672854
0023042
0021042
2018106
2371032
0025003
0025002
9221927
0025013
0016031
0023018
0016085
3713230
7390867
7407032
2360428
0016057
0010116
2051479
0021021
0015021
3610134
3004580
0010122
1266183
1879542
1108916
9190596
6453038
3320367
1019436
1435954
0026050
0026044
3699991
6568351
2907383
2737106
4921428
4239636
1916266
0023019
3205761
3848511
0016083
2249443
0020002
1497055
0016008
5045355
2628237
2991307
0021016
3856956
3899622
0016054
1561488
0010058
2455205
7253183
2601519
0010119
4919979
1689948
0015053
0010040
1056121
0010016
2344857
0015048
0010086
1679142
0016009
2296326
7947495
0027025
2408774
6115230
0021005
4079254
2773205
4103874
0023013
2554127
4020830
3466651
3679455
0016022
1093743
2535087
8218392
0027005
0026040
2155356
2599965
0015012
2054438
3302025
2026113
2141250
0010037
1084884
2409220
3624598
2821683
0010052
0016088
0015033
2408774
0016082
0027012
0010022
0016044
0016026
3959823
0021031
5575344
6592761
3870624
0016017
6206397
8834383
3154996
0021031
9887336
1019436
9002207
0016013
3967265
0010044
5669389
3169448
1000804
0021015
0021009
3561920
3322144
0026024
0023017
3803759
0021039
0026043
1951511
0020010
0015006
0015054
0021041
2570769
0016069
4529116
0016038
0010084
0016080
9002207
0021026
2554127
