1588809
0021046
3967265
3449233
2024999
0010125
3624598
3051944
3976121
2107404
3653737
0023003
0016077
3972472
1577042
1594156
2426523
3834703
2572285
4116166
0016030
1117299
4046678
2790141
1860323
0015044
1469171
4053388
2884672
0021006
1995121
0023019
3233028
0010086
3593327
0023000
4072305
1686092
2833684
0016015
0016064
1552181
1535233
4562206
0010025
0015032
1664335
1740607
3212536
2031422
0015060
0016010
0023012
0015018
0021007
0010014
1283494
0027037
0010039
0027021
2561174
8463326
1421489
2618929
3277313
2621228
2984158
3048401
0010061
2276801
0026015
3848511
4053388
9578631
9783279
2714224
0010068
2232376
1794770
2641332
9326955
0020014
3983607
7994085
1017176
0016061
1208586
0021040
8191384
8409791
0010056
1125505
0015027
0016011
4095229
1312097
3858891
0010060
1056121
8337695
8191384
1996183
0010074
1411223
2528407
0023019
0016067
1411495
2574674
3007585
1159908
0027015
0016023
0010098
0010008
3174224
0010017
0010019
0027010
0010040
0027026
0010056
0016061
0010006
3994098
0016023
3624598
3803759
3051944
2983819
0021043
0021033
7390867
3486975
0021022
2419464
1536593
7011503
8278680
2415970
3322144
0020001
0016034
1177160
3542588
3610134
0015023
0010123
0016011
1849382
3082137
1139030
0016013
0020014
3310328
1208795
2360428
0015040
0021037
3834703
2950672
0015052
0010010
0025008
0015001
1186237
3902469
1517058
2640795
0010007
3349205
0015037
4046678
2578455
3605062
7446626
0010114
2141250
1735881
0010012
0020008
1805037
3107623
4265987
7253183
0010041
1177160
0015021
0016001
0010043
0023011
1737393
0026055
2230510
0016069
1692275
4154672
0016020
1686265
5302451
0015015
8263351
3767334
3269608
0010047
4125514
0021021
0016027
0025001
0010089
0016076
1784368
1662160
0016056
0016019
0015003
9750701
1805037
0021046
0010050
0015004
0021041
1743472
2535204
0015038
0010079
0010062
2903997
2601925
0016071
3457975
1245758
0016041
0010114
0021024
2232376
1561488
3677724
0010102
0023037
2029723
0015041
0010049
0010037
0016044
1843546
0010011
0016035
2910270
3007585
1883688
0021026
4006710
4919979
0016084
0010063
0023000
1057962
0016026
4475709
0021017
2493190
6953386
2621228
2735617
1093743
0016019
3684229
2571197
3320367
1206380
0010018
2352986
9578631
0016059
0016061
0026014
2535087
0010057
0020021
0015020
2538839
1418396
1094669
1918630
0016068
0016066
3390312
0027037
2714224
3707771
2917777
9326955
0021041
1638334
0015037
3976121
0015057
0010053
0010099
3983607
1050345
0021023
1386056
3679455
3699991
4362730
2917777
3999344
1438162
1266183
8697774
3170319
1494102
4116166
8720244
3845761
3007585
3163200
2497695
0010046
0016053
1187766
0010042
1771270
0016064
0016009
3812101
0023033
9783279
0025009
2620872
3446674
0015055
0023011
9922944
5600820
3124419
0016005
0015006
0016089
9890726
1879542
0027016
0020008
3291029
1018959
3235580
0015058
0015001
1623716
1664335
3306863
0010032
2790141
0026039
2138826
0016084
2443191
0010014
2697768
3349423
0015047
3243657
0016052
2427434
2682736
3910672
1585708
0016041
3899622
3086074
8834383
0021044
8083695
4136226
2275786
5045355
2101067
0010068
0020001
0023042
2741068
0020021
3677724
2443191
3845761
0015051
0016053
4053388
7504392
0015017
0026002
0023040
0010070
8915162
3809753
7994085
1995121
1017176
0015021
0023031
3051944
5669389
2266806
0015035
0010093
0016068
0010081
3194757
3611827
1253411
0015022
0021036
0026040
1743472
3684229
0023007
3473830
0010097
2599965
4048810
1652369
0010116
7774305
0010102
1643780
2822304
0027020
1258069
0016071
2174595
2380326
3224401
0026017
0026001
0016062
3601861
0016089
0016032
0027010
2529026
0021030
0021026
2950754
0020015
2124248
0015025
2996531
0010050
2488729
2124248
0015002
0010058
0020016
4921428
9221927
5216908
2920716
3170319
0016067
0015036
3206978
1643780
2628237
0010109
0027007
0016033
2919220
0023016
2620872
0025003
4020830
0021005
8064456
0010046
0016050
2497695
0010122
2409220
0016063
0023002
2101067
1696588
0023025
0016023
3542588
3930512
6500128
2910270
0015048
3869075
0010128
8064456
0010079
7093319
9890726
3162671
0023012
0025002
0010059
2266806
0015011
8415034
1340333
0010103
0027023
1679142
2697768
3244985
3520880
1471736
5150328
3560456
0026027
8415034
1494102
3310328
2026113
3304956
0015054
0023020
2030383
3562883
1386056
3004580
2104012
0015034
3358877
7947495
2790141
1113498
4079254
1541812
0016060
0023005
3052540
0016004
0023000
4256491
2377207
3980079
2947936
0020016
1139030
0026052
0016075
0015043
2535204
0015045
0010020
0027018
3999344
0015052
2884672
4028266
1421489
3190461
0010010
2930625
0023040
4060823
0010098
2136051
1996183
0015030
0016039
0027022
0016083
0027007
1562298
0021023
3390312
2024999
0016030
0021027
0021029
0010109
2232413
2054310
1771270
4383707
2292940
1700637
