1517058
1208795
1884448
0016039
3313497
3870624
0025000
0010082
0010023
0016031
0016074
1934623
3494778
0010115
4256491
1399863
8628223
3732101
0015004
2773205
0010064
0016017
1320247
3052540
0026057
0021024
0015014
0010036
0021013
0010001
3707771
0010053
0015025
1408093
0010081
0010023
0023028
2054438
3212536
0023017
1206380
0015012
8991934
3518345
0021025
5216908
0015046
0025001
2920716
8915162
1159908
0010111
3712305
0027024
2897046
0015059
0015022
0010103
3566449
0021036
0016038
0016034
3048588
0016047
0010094
0015017
2380326
1809715
0016029
0015006
1689948
2511886
1628610
3732101
1411536
4055710
2029723
0021033
0015049
1662160
0010072
8915162
0010058
3827352
2123983
1538046
1159908
7011503
7011503
0026043
1947991
3504058
0010083
0015059
4285031
9907452
0010009
0016068
1399863
0010115
0015058
0010033
4285031
0023017
0020003
3212875
0016022
3910672
0016003
2409220
0010123
0010040
0010105
0016074
7253183
0026042
0010030
6206397
0015055
0016024
1842819
1517058
0016058
2984158
0010004
1000804
0010092
8191384
0010043
0010114
0010113
0021021
1743472
0010063
3349205
0010048
0010101
2240562
0010096
0010119
1421489
0016064
5600820
3515506
4016887
0027024
2571197
3972956
0026005
2344857
7774305
0021007
0010072
3619797
1043241
0016022
0016042
0010067
9093997
2505328
0023039
0010028
2983819
1588809
0021035
3655623
0010031
0015020
0021034
1094669
4334113
8278680
0010106
0015013
0027017
4154672
8432725
3803759
3212875
0016054
0016040
1469171
0016069
9210521
2991307
4104523
7415617
0016079
3812101
0016063
9907452
2741068
0015027
0010090
0020021
0010120
0027004
0010088
1438162
2574674
0010051
0010011
0026053
2578455
2342030
0010072
0023035
0021028
2903997
3941358
1985430
3239413
2288903
1283494
2983819
1585708
3562883
0016081
0016066
2511886
7591533
2659769
9002207
0015016
1186237
0021019
0015042
2207418
0015018
0026001
1875013
4091983
0026044
1951511
3170319
0016006
7504392
3466651
2427408
2380326
1177160
0021030
1689948
0023012
0010005
2845989
0021035
1502229
8697774
2917777
2352986
0016048
1875084
0015007
0016006
3976121
3313497
0010018
3162671
2950672
7135128
0023001
0020003
1132854
0016060
0015030
0015040
0021037
3160561
2196753
4046678
8432725
0010108
0016087
2427434
3813783
2106109
2822304
3233028
0016040
0015016
3157406
0010042
0027028
1068505
0026054
1282248
3713230
0027023
0010126
0010117
0016027
1884448
1099481
2671604
8328877
3086074
0020003
2930625
2081754
3519022
3560456
0026014
2427408
0015013
0023008
0023004
1208586
0016080
0021005
3605062
3119327
2240562
0023006
1502229
3107623
0015019
4073815
0026050
2367157
1502229
1023964
0021009
2030383
0027012
0021022
0015003
0010064
1258069
1017176
0010028
0027034
2140063
0015014
3239413
0023004
0010087
2299519
0021034
7994085
1253411
3434578
0010034
0023026
0026015
0015050
2136051
0021003
1846346
1594156
3884955
0010112
3959823
2026113
1535233
0015020
0010064
3304956
1497055
2419464
0026004
0010062
0015029
0027042
0010067
2268253
3827352
0023001
0010091
0020017
0016012
2703289
4136226
3358877
2071989
0010047
0027018
7689953
0016043
1187766
0015010
3713230
0025000
1696588
0010115
0016037
3672300
0010069
0016055
1258069
0010092
8415034
0015057
1996183
3434578
3993793
2107404
0026043
0023002
3809753
2884672
0010128
0010059
0015038
0016072
4016887
0016058
0016051
0010066
2529026
0016042
0015028
4219416
1700637
0023041
2628237
2493190
3269608
0010097
0023010
1050975
0021044
1686092
0023031
0015001
9221927
1494102
4601682
0010124
0016002
8991934
2299519
1686265
0023003
1662160
0025008
3967265
1992284
0026053
0015060
0020017
2029723
0010104
1594156
0010044
0010110
4475709
0016077
6383713
2426523
1240299
2996531
0010063
6568351
3446674
1208795
0016016
1947991
1794770
0015026
9190596
3560456
3486975
2940712
1359325
0010012
8628223
3610134
0010100
0010108
6550938
2415970
1535233
8692452
0010094
3243657
0023036
2054998
0027012
3980079
0021018
3407871
0021031
0023003
0010110
0025003
1647968
0010076
6187322
6206397
0015057
3712305
3684229
0026024
1692275
3407871
0010050
4265987
0010066
5971050
0015007
0016051
1947991
2574674
1201251
3888614
0021027
0015010
0010035
0010005
3310328
0027022
0015062
7129258
0021010
2872641
3672300
2907383
9640133
7390867
1469171
1875013
1538046
3699991
4091983
1854959
1302449
1562298
3972472
2232376
0010129
1253411
2488729
4125514
0016039
2018106
2207418
2380967
0023028
2640795
0016037
3662296
4134561
0016014
1918630
0015048
0026054
3358877
2427434
2018106
0010100
1912810
3011311
2074737
1411495
3108222
2249443
0010054
0015061
7135128
0027023
9956994
0021020
0021015
0021015
2854839
0016043
1577042
0010086
0021010
1404738
1962503
0027008
0016010
3302025
2618929
0015061
0026044
3449233
0016076
2876903
1125505
8278680
0027008
