1186237
2601925
0023024
0010116
0016014
0027000
1638334
1084283
0015024
3082137
4072305
4134561
1873761
2558999
0010051
0016059
4529116
2947936
0015005
1132854
0010038
0010121
0010104
0027016
4265987
3845761
2735617
0016001
0023008
0016020
0021020
1282248
1208586
5193577
3941358
2780647
0026030
1854691
0016085
0016034
2529026
4921428
1536593
0016036
9890726
0023036
0025001
1411223
8658218
0010069
2618929
1780174
0021038
2124248
3856956
0026052
3858891
2641332
0010016
1018959
0016046
2505328
2106109
2196753
0021013
2773205
2380967
0010091
0016071
0015024
0016020
3912996
0021029
1791543
1099481
0016010
3619797
0016042
9326955
3124419
0016082
0010121
2268253
4562206
0010021
5600820
0016049
6550938
0010061
3917422
0027015
0016062
0023036
0010041
2907951
0010107
0015037
0026039
0020022
1577042
0010117
2561174
0010124
1779922
3190461
2528407
1854691
0021046
0016048
0027022
3302025
0027037
0010004
0016038
2275786
0023030
1647968
0021014
2756846
1860323
8692452
0010029
0010057
4256491
0026040
1341865
0010001
0010106
1548937
0010043
2014113
0010014
5993008
3262042
3308331
3980079
0010118
4241194
1511464
1567356
1985430
0023013
0021025
3154996
3157406
2737106
3515506
2559559
1686092
0015008
0010080
0016029
1245758
0010121
1780174
0015028
0021032
8387093
2641332
8991934
0027040
7093319
0010075
1805037
0026042
0010095
0010125
0016007
0010047
0010085
1341865
0016047
0016065
0010025
3653737
0016036
0021038
1282248
6346605
1133221
0023042
0016019
3653737
0015003
0021006
3566449
4239636
3244985
0023018
3679455
0010069
7407032
0010078
2833684
7415617
0026041
1581470
2276801
0027042
0010075
0016053
3103809
4225073
0026022
0010008
0015005
9578663
1567356
1538046
0010085
3650634
3322144
3473830
5164727
2275786
0015050
3605062
4154182
2554127
0016062
0010052
0026004
2780647
3993793
0010089
0023039
4072305
1023964
7446626
0010076
2659769
0010129
0015044
2107638
1245758
2377207
7129258
0016001
1581470
0015031
0010038
1094669
1050345
5302451
0015046
9640133
2136051
3194757
0010031
2703336
3390312
0015032
3163200
2929195
0026002
0010004
3433846
0016078
1411536
0010041
2907951
0016078
3313497
0010127
3993793
2996531
2940712
0027040
8720244
3269608
0010016
0015049
0023039
3441455
0023038
3157406
3504058
1391181
0010110
4241194
2907951
3160561
3910672
2299519
0027003
2524687
2538839
0015014
2940712
2535204
0010017
6187322
2572285
3520880
8628223
0026050
0020002
9499804
3473830
2296326
4164316
9093997
0026005
3888614
3385520
5575344
3239413
3486975
5216908
8328877
2411995
0016076
0015039
1854691
1988015
2106109
1846346
0023030
1916266
4221029
2306976
8263351
1934623
0016024
1043241
0021039
0010054
0016085
0021008
4075719
1995121
0020002
4053836
2031422
5164727
3470141
0010055
0015051
2740232
0016024
0016025
2292940
0016081
2240562
2833684
0023038
2230510
0015011
1418396
0010020
0010027
0023011
0010096
8009688
2768273
2756846
3691107
2730704
0010083
3086074
2260910
6477085
6115230
1809715
1320247
2959809
1133221
0016054
0016052
3655623
2730704
2123983
1201251
0010015
1643780
0023024
8263351
4095229
1740607
3652932
0021019
6453038
3385520
1638334
0016052
3672854
0015047
0015002
2872641
0016018
0010111
2854839
1418396
3163200
3869075
3291029
0016018
3304956
5971050
8658218
2288903
2601519
7591533
0010070
0010065
7333005
2074737
0016074
3470141
2714224
4006710
1435954
3385520
0016073
2081148
0010039
0023037
0015058
0010033
2558999
4187857
0010088
0010074
3858891
0010007
3652932
2498847
2961243
2768273
7407032
0016036
0010030
0010013
0016037
0016086
0010051
1438162
2497695
3349205
0015035
0010044
3593327
0016003
3048401
4075719
0023026
0010023
1481430
1408093
0015023
2671604
2123983
3124419
7129258
0015036
0021022
2876903
0010125
0016021
0016073
2821683
1562298
0023024
0021028
0015002
3243657
0025012
2578455
2266806
3587000
0015034
8083695
1875084
3912996
0015025
0010078
2961243
2950672
2427408
3519022
4053836
0015043
4053836
0016021
0010011
0010074
0015056
0021043
0023016
2033178
0021002
8387093
1038415
1411223
2054998
0027034
0016015
4154182
3519022
0015004
1038415
1108916
0016070
3767334
2756846
6453038
3446674
0026027
1735881
1084884
0023005
4116166
0026005
8328877
0015030
0027011
9210521
2768273
5193577
1628610
3767334
3378296
1283494
0027011
0021029
1125505
0010118
5164727
4048810
2081148
2138826
0021042
0010034
9578631
0027011
4136226
0027004
0023008
0010019
3224401
0021039
3899622
0010127
2426523
3349423
0010112
0015035
0025013
0010031
0016005
0026055
0010122
1471736
4104523
0026027
0010003
0016073
1988015
0010111
0015042
3691107
0026017
0016089
3834703
0010022
6592761
2682736
0010037
2920716
3542588
8838009
0021034
0010067
2455205
2208591
4103874
0016045
0026022
2591713
0010002
1843546
0010087
2292940
0023027
