1541812
0025014
1435954
3206978
0010082
2141250
0010065
9887336
0015051
0023041
0023002
4334113
0010013
2511886
0021040
2342030
3348989
0016070
0016063
0023001
3672300
4919979
1312097
0010055
7333005
2822304
1320247
0016025
2071989
2703289
0015015
2419464
2703336
2601925
3248920
0016043
9499804
0010097
0016087
3889095
4048810
0010057
3103809
0021044
2140063
1588809
0010124
1884448
2107638
3739175
2488729
0010107
3291029
3434578
0026039
0016045
0015039
3470141
1849382
0020016
2107638
0023037
1581470
1791543
0010024
0010002
0010021
1962503
0015024
0010091
0016004
1585708
3174224
1471736
4103874
9750701
2288903
0015010
1875013
2591713
2730704
6500128
2570769
0026017
0016046
0010036
4601682
0010077
8218392
1740607
4221029
1084283
2498847
0016028
0016080
1737393
0016057
3994098
1567356
0010077
2104012
2297413
3441455
1132854
1988015
0010009
4084645
0015061
2910270
0010020
2929195
0016075
1517240
0025014
1411536
1517240
0016075
0015015
0010025
2415970
3308331
0010024
0023007
0010081
0010034
0016051
0010003
0021027
0015060
0027016
0015038
0021016
0010032
0010029
2230510
3827352
0023025
7135128
2591713
4383707
3902469
4084645
0015046
0016084
2620872
0020014
0021030
0021042
0010071
0021043
3917422
2031422
0010103
0027007
0021025
2081148
3082137
1481430
0010112
0027026
0027005
4095748
3888614
0010087
2821683
9783279
1099481
3320367
0021014
0010002
0016059
3930512
0023026
3972472
2276801
0010036
0010035
9956994
6346605
1992284
2371032
0010054
0016040
0021002
1992284
3554582
3306863
0027017
5193577
2947936
0025002
0010046
1784368
2961243
0021014
0010053
0021008
0016066
0010045
0015018
9744150
0021038
2228148
8409791
4055710
4601682
1068505
0027021
2054310
0010095
2535087
3154996
0016007
0016005
1843546
0016029
0010062
0010068
0010017
3174224
3808273
9907452
0015019
1860323
0010027
2081754
0010100
0021017
2984158
1050975
0021018
0010022
0016046
3959823
0016044
3108222
1419103
3848511
2950754
3655623
0010073
0021032
0010056
3856956
0010101
1057962
2703289
0016027
0015041
3884955
3587000
0021019
8838009
4095748
0010027
4134561
0027025
1842819
0026045
0025012
0016032
3235580
3169448
2903997
1771270
1341865
0010101
0015008
0010019
2671604
0027003
7339173
3601861
4164316
0021007
3611827
3813783
8083695
2104012
4275075
0016028
0015052
0027024
0010119
2140063
1647968
1934623
3739175
0016087
2601519
0010123
0025012
3212875
0021040
8838009
1050345
0010049
2845989
8409791
0010109
0023035
0010128
4079254
3205761
3348989
0016065
0021020
1419103
0010104
1794770
0016088
2208591
3244985
3194757
3566449
1057962
0016009
1356553
0016070
3650634
1700637
0015062
3912996
2929195
1912810
0010026
3119327
0010048
3518345
8218392
2950754
0021010
2207418
0010077
1117299
3930512
1068505
0016006
0015033
0010071
0010120
3587000
0023013
0015023
1127915
1386056
0021028
0025008
0027010
0026041
3889095
2408774
3457975
4075719
0021023
0015028
3813783
1019436
2907383
0016077
2033178
0021013
0020010
3652932
3515506
0026057
8720244
0015017
0026055
1951511
1846346
0021016
9956994
3048588
1511464
0010065
2306976
1791543
2268253
0010071
0010083
3712305
1408093
1809715
4827048
3212536
2524687
0021002
2081754
0015047
7774305
0010055
2367157
1404738
3869075
3889095
3672854
0027020
0023020
0015016
2528407
0010045
2897046
0010035
0010082
1735881
4060823
3466651
0027042
3593327
0010042
2845989
3559087
1000804
0016008
2959809
2306976
2561174
3457975
2737106
1737393
1552181
4187857
0010010
0015031
3248920
2740232
3561920
3162671
0010033
0026045
1038415
0010018
0020008
3562883
4060823
0026016
2682736
3808273
0020017
1686265
0020022
7591533
1679142
6187322
0027017
0010096
4154672
0010113
3235580
0021037
2659769
0010007
2297413
1664335
1536593
8463326
1854959
0027028
8064456
1875711
0010118
0010008
0021009
8387093
9922944
0025009
1240299
0020015
7446626
5150328
0016086
0016003
0021003
0027015
0010080
1873761
0016065
0023030
0015049
0023010
2051479
0010026
0015050
3119327
0010015
0021008
3619797
0015022
1391181
1883688
7689953
0016055
6383713
0023007
3108222
3611827
3691107
0016081
0016012
0023033
0015043
0027034
6953386
0026041
2930625
1912810
4187857
0010045
0015026
3559087
0021006
2493190
0027003
1312097
0010006
9744150
0010102
0010126
0027018
2344857
0010009
5302451
0023028
2196753
2310449
1548937
0010098
0023027
0015054
1359325
1206380
0026015
0026045
9750701
0010079
4154182
0020001
0016033
3169448
2071989
0010059
2232413
0027000
1302449
0016021
0010060
0015029
0023005
9499804
0015007
0010085
1359325
1391181
3407871
0026024
0021017
3520880
0027021
0027005
1985430
0010001
2411995
0015034
3248920
1879542
4219416
0016056
2571197
0015027
1056121
2024999
2051479
3650634
4241194
2740232
3205761
7504392
0010089
0015029
9578663
0015059
1399863
7947495
